1 0 0 
*************
1 0 1 
1
1 0 0 
*************
3 0 1 
3
1 0 0 
*************
7 0 1 
7
1 0 0 
*************
9 0 1 
9
1 0 0 
*************
3 1 1 
3
1 0 0 
*************
7 2 1 
7
1 0 0 
*************
1 3 1 
1
1 0 0 
*************
7 3 1 
7
1 0 0 
*************
9 3 1 
9
1 0 0 
*************
9 4 1 
9
1 0 0 
*************
1 5 1 
1
1 0 0 
*************
7 5 1 
7
1 0 0 
*************
3 6 1 
3
1 0 0 
*************
7 6 1 
7
1 0 0 
*************
3 7 1 
3
1 0 0 
*************
9 7 1 
9
1 0 0 
*************
1 8 1 
1
1 0 0 
*************
1 9 1 
1
1 0 0 
*************
3 9 1 
3
1 0 0 
*************
7 9 1 
7
1 0 0 
*************
9 9 1 
9
1 0 0 
*************
1 1 2 
1
1 0 0 
*************
3 2 2 
3
1 0 0 
*************
7 2 2 
7
1 0 0 
*************
9 2 2 
9
1 0 0 
*************
3 3 2 
3
1 0 0 
*************
9 3 2 
9
1 0 0 
*************
1 4 2 
1
1 0 0 
*************
1 5 2 
1
1 0 0 
*************
7 5 2 
7
1 0 0 
*************
3 6 2 
3
1 0 0 
*************
9 6 2 
9
1 0 0 
*************
1 7 2 
1
1 0 0 
*************
7 7 2 
7
1 0 0 
*************
1 8 2 
1
1 0 0 
*************
3 8 2 
3
1 0 0 
*************
3 9 2 
3
1 0 0 
*************
7 0 3 
7
1 0 0 
*************
1 1 3 
1
1 0 0 
*************
3 1 3 
3
1 0 0 
*************
7 1 3 
7
1 0 0 
*************
1 3 3 
1
1 0 0 
*************
7 3 3 
7
1 0 0 
*************
7 4 3 
7
1 0 0 
*************
9 4 3 
9
1 0 0 
*************
3 5 3 
3
1 0 0 
*************
9 5 3 
9
1 0 0 
*************
7 6 3 
7
1 0 0 
*************
3 7 3 
3
1 0 0 
*************
9 7 3 
9
1 0 0 
*************
3 8 3 
3
1 0 0 
*************
9 8 3 
9
1 0 0 
*************
7 9 3 
7
1 0 0 
*************
1 0 4 
1
1 0 0 
*************
9 0 4 
9
1 0 0 
*************
9 1 4 
9
1 0 0 
*************
1 2 4 
1
1 0 0 
*************
1 3 4 
1
1 0 0 
*************
3 3 4 
3
1 0 0 
*************
9 3 4 
9
1 0 0 
*************
3 4 4 
3
1 0 0 
*************
9 4 4 
9
1 0 0 
*************
7 5 4 
7
1 0 0 
*************
1 6 4 
1
1 0 0 
*************
3 6 4 
3
1 0 0 
*************
7 6 4 
7
1 0 0 
*************
9 7 4 
9
1 0 0 
*************
7 8 4 
7
1 0 0 
*************
1 9 4 
1
1 0 0 
*************
9 9 4 
9
1 0 0 
*************
3 0 5 
3
1 0 0 
*************
9 0 5 
9
1 0 0 
*************
1 2 5 
1
1 0 0 
*************
3 2 5 
3
1 0 0 
*************
1 4 5 
1
1 0 0 
*************
7 4 5 
7
1 0 0 
*************
7 5 5 
7
1 0 0 
*************
3 6 5 
3
1 0 0 
*************
9 6 5 
9
1 0 0 
*************
1 7 5 
1
1 0 0 
*************
7 7 5 
7
1 0 0 
*************
7 8 5 
7
1 0 0 
*************
3 9 5 
3
1 0 0 
*************
9 9 5 
9
1 0 0 
*************
1 0 6 
1
1 0 0 
*************
7 0 6 
7
1 0 0 
*************
3 1 6 
3
1 0 0 
*************
7 1 6 
7
1 0 0 
*************
9 1 6 
9
1 0 0 
*************
1 3 6 
1
1 0 0 
*************
1 4 6 
1
1 0 0 
*************
3 4 6 
3
1 0 0 
*************
7 4 6 
7
1 0 0 
*************
3 5 6 
3
1 0 0 
*************
9 5 6 
9
1 0 0 
*************
1 6 6 
1
1 0 0 
*************
3 7 6 
3
1 0 0 
*************
7 7 6 
7
1 0 0 
*************
3 8 6 
3
1 0 0 
*************
1 9 6 
1
1 0 0 
*************
1 0 7 
1
1 0 0 
*************
9 0 7 
9
1 0 0 
*************
9 1 7 
9
1 0 0 
*************
7 2 7 
7
1 0 0 
*************
3 3 7 
3
1 0 0 
*************
9 3 7 
9
1 0 0 
*************
3 4 7 
3
1 0 0 
*************
1 5 7 
1
1 0 0 
*************
7 5 7 
7
1 0 0 
*************
1 6 7 
1
1 0 0 
*************
9 6 7 
9
1 0 0 
*************
3 7 7 
3
1 0 0 
*************
7 8 7 
7
1 0 0 
*************
7 9 7 
7
1 0 0 
*************
9 0 8 
9
1 0 0 
*************
1 1 8 
1
1 0 0 
*************
1 2 8 
1
1 0 0 
*************
3 2 8 
3
1 0 0 
*************
7 2 8 
7
1 0 0 
*************
9 2 8 
9
1 0 0 
*************
9 3 8 
9
1 0 0 
*************
3 5 8 
3
1 0 0 
*************
7 5 8 
7
1 0 0 
*************
9 5 8 
9
1 0 0 
*************
3 6 8 
3
1 0 0 
*************
7 7 8 
7
1 0 0 
*************
1 8 8 
1
1 0 0 
*************
3 8 8 
3
1 0 0 
*************
7 8 8 
7
1 0 0 
*************
7 0 9 
7
1 0 0 
*************
1 1 9 
1
1 0 0 
*************
9 1 9 
9
1 0 0 
*************
9 2 9 
9
1 0 0 
*************
7 3 9 
7
1 0 0 
*************
1 4 9 
1
1 0 0 
*************
7 4 9 
7
1 0 0 
*************
3 5 9 
3
1 0 0 
*************
7 6 9 
7
1 0 0 
*************
1 7 9 
1
1 0 0 
*************
7 7 9 
7
1 0 0 
*************
3 8 9 
3
1 0 0 
*************
1 9 9 
1
1 0 0 
*************
7 9 9 
7
1 0 0 
0 1 0 
*************
1 0 1 
0
0 1 0 
*************
3 0 1 
0
0 1 0 
*************
7 0 1 
0
0 1 0 
*************
9 0 1 
0
0 1 0 
*************
3 1 1 
10
0 1 0 
*************
7 2 1 
20
0 1 0 
*************
1 3 1 
30
0 1 0 
*************
7 3 1 
30
0 1 0 
*************
9 3 1 
30
0 1 0 
*************
9 4 1 
40
0 1 0 
*************
1 5 1 
50
0 1 0 
*************
7 5 1 
50
0 1 0 
*************
3 6 1 
60
0 1 0 
*************
7 6 1 
60
0 1 0 
*************
3 7 1 
70
0 1 0 
*************
9 7 1 
70
0 1 0 
*************
1 8 1 
80
0 1 0 
*************
1 9 1 
90
0 1 0 
*************
3 9 1 
90
0 1 0 
*************
7 9 1 
90
0 1 0 
*************
9 9 1 
90
0 1 0 
*************
1 1 2 
10
0 1 0 
*************
3 2 2 
20
0 1 0 
*************
7 2 2 
20
0 1 0 
*************
9 2 2 
20
0 1 0 
*************
3 3 2 
30
0 1 0 
*************
9 3 2 
30
0 1 0 
*************
1 4 2 
40
0 1 0 
*************
1 5 2 
50
0 1 0 
*************
7 5 2 
50
0 1 0 
*************
3 6 2 
60
0 1 0 
*************
9 6 2 
60
0 1 0 
*************
1 7 2 
70
0 1 0 
*************
7 7 2 
70
0 1 0 
*************
1 8 2 
80
0 1 0 
*************
3 8 2 
80
0 1 0 
*************
3 9 2 
90
0 1 0 
*************
7 0 3 
0
0 1 0 
*************
1 1 3 
10
0 1 0 
*************
3 1 3 
10
0 1 0 
*************
7 1 3 
10
0 1 0 
*************
1 3 3 
30
0 1 0 
*************
7 3 3 
30
0 1 0 
*************
7 4 3 
40
0 1 0 
*************
9 4 3 
40
0 1 0 
*************
3 5 3 
50
0 1 0 
*************
9 5 3 
50
0 1 0 
*************
7 6 3 
60
0 1 0 
*************
3 7 3 
70
0 1 0 
*************
9 7 3 
70
0 1 0 
*************
3 8 3 
80
0 1 0 
*************
9 8 3 
80
0 1 0 
*************
7 9 3 
90
0 1 0 
*************
1 0 4 
0
0 1 0 
*************
9 0 4 
0
0 1 0 
*************
9 1 4 
10
0 1 0 
*************
1 2 4 
20
0 1 0 
*************
1 3 4 
30
0 1 0 
*************
3 3 4 
30
0 1 0 
*************
9 3 4 
30
0 1 0 
*************
3 4 4 
40
0 1 0 
*************
9 4 4 
40
0 1 0 
*************
7 5 4 
50
0 1 0 
*************
1 6 4 
60
0 1 0 
*************
3 6 4 
60
0 1 0 
*************
7 6 4 
60
0 1 0 
*************
9 7 4 
70
0 1 0 
*************
7 8 4 
80
0 1 0 
*************
1 9 4 
90
0 1 0 
*************
9 9 4 
90
0 1 0 
*************
3 0 5 
0
0 1 0 
*************
9 0 5 
0
0 1 0 
*************
1 2 5 
20
0 1 0 
*************
3 2 5 
20
0 1 0 
*************
1 4 5 
40
0 1 0 
*************
7 4 5 
40
0 1 0 
*************
7 5 5 
50
0 1 0 
*************
3 6 5 
60
0 1 0 
*************
9 6 5 
60
0 1 0 
*************
1 7 5 
70
0 1 0 
*************
7 7 5 
70
0 1 0 
*************
7 8 5 
80
0 1 0 
*************
3 9 5 
90
0 1 0 
*************
9 9 5 
90
0 1 0 
*************
1 0 6 
0
0 1 0 
*************
7 0 6 
0
0 1 0 
*************
3 1 6 
10
0 1 0 
*************
7 1 6 
10
0 1 0 
*************
9 1 6 
10
0 1 0 
*************
1 3 6 
30
0 1 0 
*************
1 4 6 
40
0 1 0 
*************
3 4 6 
40
0 1 0 
*************
7 4 6 
40
0 1 0 
*************
3 5 6 
50
0 1 0 
*************
9 5 6 
50
0 1 0 
*************
1 6 6 
60
0 1 0 
*************
3 7 6 
70
0 1 0 
*************
7 7 6 
70
0 1 0 
*************
3 8 6 
80
0 1 0 
*************
1 9 6 
90
0 1 0 
*************
1 0 7 
0
0 1 0 
*************
9 0 7 
0
0 1 0 
*************
9 1 7 
10
0 1 0 
*************
7 2 7 
20
0 1 0 
*************
3 3 7 
30
0 1 0 
*************
9 3 7 
30
0 1 0 
*************
3 4 7 
40
0 1 0 
*************
1 5 7 
50
0 1 0 
*************
7 5 7 
50
0 1 0 
*************
1 6 7 
60
0 1 0 
*************
9 6 7 
60
0 1 0 
*************
3 7 7 
70
0 1 0 
*************
7 8 7 
80
0 1 0 
*************
7 9 7 
90
0 1 0 
*************
9 0 8 
0
0 1 0 
*************
1 1 8 
10
0 1 0 
*************
1 2 8 
20
0 1 0 
*************
3 2 8 
20
0 1 0 
*************
7 2 8 
20
0 1 0 
*************
9 2 8 
20
0 1 0 
*************
9 3 8 
30
0 1 0 
*************
3 5 8 
50
0 1 0 
*************
7 5 8 
50
0 1 0 
*************
9 5 8 
50
0 1 0 
*************
3 6 8 
60
0 1 0 
*************
7 7 8 
70
0 1 0 
*************
1 8 8 
80
0 1 0 
*************
3 8 8 
80
0 1 0 
*************
7 8 8 
80
0 1 0 
*************
7 0 9 
0
0 1 0 
*************
1 1 9 
10
0 1 0 
*************
9 1 9 
10
0 1 0 
*************
9 2 9 
20
0 1 0 
*************
7 3 9 
30
0 1 0 
*************
1 4 9 
40
0 1 0 
*************
7 4 9 
40
0 1 0 
*************
3 5 9 
50
0 1 0 
*************
7 6 9 
60
0 1 0 
*************
1 7 9 
70
0 1 0 
*************
7 7 9 
70
0 1 0 
*************
3 8 9 
80
0 1 0 
*************
1 9 9 
90
0 1 0 
*************
7 9 9 
90
0 1 0 
1 1 0 
*************
1 0 1 
1
1 1 0 
*************
3 0 1 
3
1 1 0 
*************
7 0 1 
7
1 1 0 
*************
9 0 1 
9
1 1 0 
*************
3 1 1 
13
1 1 0 
*************
7 2 1 
27
1 1 0 
*************
1 3 1 
31
1 1 0 
*************
7 3 1 
37
1 1 0 
*************
9 3 1 
39
1 1 0 
*************
9 4 1 
49
1 1 0 
*************
1 5 1 
51
1 1 0 
*************
7 5 1 
57
1 1 0 
*************
3 6 1 
63
1 1 0 
*************
7 6 1 
67
1 1 0 
*************
3 7 1 
73
1 1 0 
*************
9 7 1 
79
1 1 0 
*************
1 8 1 
81
1 1 0 
*************
1 9 1 
91
1 1 0 
*************
3 9 1 
93
1 1 0 
*************
7 9 1 
97
1 1 0 
*************
9 9 1 
99
1 1 0 
*************
1 1 2 
11
1 1 0 
*************
3 2 2 
23
1 1 0 
*************
7 2 2 
27
1 1 0 
*************
9 2 2 
29
1 1 0 
*************
3 3 2 
33
1 1 0 
*************
9 3 2 
39
1 1 0 
*************
1 4 2 
41
1 1 0 
*************
1 5 2 
51
1 1 0 
*************
7 5 2 
57
1 1 0 
*************
3 6 2 
63
1 1 0 
*************
9 6 2 
69
1 1 0 
*************
1 7 2 
71
1 1 0 
*************
7 7 2 
77
1 1 0 
*************
1 8 2 
81
1 1 0 
*************
3 8 2 
83
1 1 0 
*************
3 9 2 
93
1 1 0 
*************
7 0 3 
7
1 1 0 
*************
1 1 3 
11
1 1 0 
*************
3 1 3 
13
1 1 0 
*************
7 1 3 
17
1 1 0 
*************
1 3 3 
31
1 1 0 
*************
7 3 3 
37
1 1 0 
*************
7 4 3 
47
1 1 0 
*************
9 4 3 
49
1 1 0 
*************
3 5 3 
53
1 1 0 
*************
9 5 3 
59
1 1 0 
*************
7 6 3 
67
1 1 0 
*************
3 7 3 
73
1 1 0 
*************
9 7 3 
79
1 1 0 
*************
3 8 3 
83
1 1 0 
*************
9 8 3 
89
1 1 0 
*************
7 9 3 
97
1 1 0 
*************
1 0 4 
1
1 1 0 
*************
9 0 4 
9
1 1 0 
*************
9 1 4 
19
1 1 0 
*************
1 2 4 
21
1 1 0 
*************
1 3 4 
31
1 1 0 
*************
3 3 4 
33
1 1 0 
*************
9 3 4 
39
1 1 0 
*************
3 4 4 
43
1 1 0 
*************
9 4 4 
49
1 1 0 
*************
7 5 4 
57
1 1 0 
*************
1 6 4 
61
1 1 0 
*************
3 6 4 
63
1 1 0 
*************
7 6 4 
67
1 1 0 
*************
9 7 4 
79
1 1 0 
*************
7 8 4 
87
1 1 0 
*************
1 9 4 
91
1 1 0 
*************
9 9 4 
99
1 1 0 
*************
3 0 5 
3
1 1 0 
*************
9 0 5 
9
1 1 0 
*************
1 2 5 
21
1 1 0 
*************
3 2 5 
23
1 1 0 
*************
1 4 5 
41
1 1 0 
*************
7 4 5 
47
1 1 0 
*************
7 5 5 
57
1 1 0 
*************
3 6 5 
63
1 1 0 
*************
9 6 5 
69
1 1 0 
*************
1 7 5 
71
1 1 0 
*************
7 7 5 
77
1 1 0 
*************
7 8 5 
87
1 1 0 
*************
3 9 5 
93
1 1 0 
*************
9 9 5 
99
1 1 0 
*************
1 0 6 
1
1 1 0 
*************
7 0 6 
7
1 1 0 
*************
3 1 6 
13
1 1 0 
*************
7 1 6 
17
1 1 0 
*************
9 1 6 
19
1 1 0 
*************
1 3 6 
31
1 1 0 
*************
1 4 6 
41
1 1 0 
*************
3 4 6 
43
1 1 0 
*************
7 4 6 
47
1 1 0 
*************
3 5 6 
53
1 1 0 
*************
9 5 6 
59
1 1 0 
*************
1 6 6 
61
1 1 0 
*************
3 7 6 
73
1 1 0 
*************
7 7 6 
77
1 1 0 
*************
3 8 6 
83
1 1 0 
*************
1 9 6 
91
1 1 0 
*************
1 0 7 
1
1 1 0 
*************
9 0 7 
9
1 1 0 
*************
9 1 7 
19
1 1 0 
*************
7 2 7 
27
1 1 0 
*************
3 3 7 
33
1 1 0 
*************
9 3 7 
39
1 1 0 
*************
3 4 7 
43
1 1 0 
*************
1 5 7 
51
1 1 0 
*************
7 5 7 
57
1 1 0 
*************
1 6 7 
61
1 1 0 
*************
9 6 7 
69
1 1 0 
*************
3 7 7 
73
1 1 0 
*************
7 8 7 
87
1 1 0 
*************
7 9 7 
97
1 1 0 
*************
9 0 8 
9
1 1 0 
*************
1 1 8 
11
1 1 0 
*************
1 2 8 
21
1 1 0 
*************
3 2 8 
23
1 1 0 
*************
7 2 8 
27
1 1 0 
*************
9 2 8 
29
1 1 0 
*************
9 3 8 
39
1 1 0 
*************
3 5 8 
53
1 1 0 
*************
7 5 8 
57
1 1 0 
*************
9 5 8 
59
1 1 0 
*************
3 6 8 
63
1 1 0 
*************
7 7 8 
77
1 1 0 
*************
1 8 8 
81
1 1 0 
*************
3 8 8 
83
1 1 0 
*************
7 8 8 
87
1 1 0 
*************
7 0 9 
7
1 1 0 
*************
1 1 9 
11
1 1 0 
*************
9 1 9 
19
1 1 0 
*************
9 2 9 
29
1 1 0 
*************
7 3 9 
37
1 1 0 
*************
1 4 9 
41
1 1 0 
*************
7 4 9 
47
1 1 0 
*************
3 5 9 
53
1 1 0 
*************
7 6 9 
67
1 1 0 
*************
1 7 9 
71
1 1 0 
*************
7 7 9 
77
1 1 0 
*************
3 8 9 
83
1 1 0 
*************
1 9 9 
91
1 1 0 
*************
7 9 9 
97
1 1 0 
mmmmmmmmmmmmiiiiiiiiiiiiiii: 6
0 0 1 
*************
1 0 1 
100
0 0 1 
*************
3 0 1 
100
0 0 1 
*************
7 0 1 
100
0 0 1 
*************
9 0 1 
100
0 0 1 
*************
3 1 1 
100
0 0 1 
*************
7 2 1 
100
0 0 1 
*************
1 3 1 
100
0 0 1 
*************
7 3 1 
100
0 0 1 
*************
9 3 1 
100
0 0 1 
*************
9 4 1 
100
0 0 1 
*************
1 5 1 
100
0 0 1 
*************
7 5 1 
100
0 0 1 
*************
3 6 1 
100
0 0 1 
*************
7 6 1 
100
0 0 1 
*************
3 7 1 
100
0 0 1 
*************
9 7 1 
100
0 0 1 
*************
1 8 1 
100
0 0 1 
*************
1 9 1 
100
0 0 1 
*************
3 9 1 
100
0 0 1 
*************
7 9 1 
100
0 0 1 
*************
9 9 1 
100
0 0 1 
*************
1 1 2 
200
0 0 1 
*************
3 2 2 
200
0 0 1 
*************
7 2 2 
200
0 0 1 
*************
9 2 2 
200
0 0 1 
*************
3 3 2 
200
0 0 1 
*************
9 3 2 
200
0 0 1 
*************
1 4 2 
200
0 0 1 
*************
1 5 2 
200
0 0 1 
*************
7 5 2 
200
0 0 1 
*************
3 6 2 
200
0 0 1 
*************
9 6 2 
200
0 0 1 
*************
1 7 2 
200
0 0 1 
*************
7 7 2 
200
0 0 1 
*************
1 8 2 
200
0 0 1 
*************
3 8 2 
200
0 0 1 
*************
3 9 2 
200
0 0 1 
*************
7 0 3 
300
0 0 1 
*************
1 1 3 
300
0 0 1 
*************
3 1 3 
300
0 0 1 
*************
7 1 3 
300
0 0 1 
*************
1 3 3 
300
0 0 1 
*************
7 3 3 
300
0 0 1 
*************
7 4 3 
300
0 0 1 
*************
9 4 3 
300
0 0 1 
*************
3 5 3 
300
0 0 1 
*************
9 5 3 
300
0 0 1 
*************
7 6 3 
300
0 0 1 
*************
3 7 3 
300
0 0 1 
*************
9 7 3 
300
0 0 1 
*************
3 8 3 
300
0 0 1 
*************
9 8 3 
300
0 0 1 
*************
7 9 3 
300
0 0 1 
*************
1 0 4 
400
0 0 1 
*************
9 0 4 
400
0 0 1 
*************
9 1 4 
400
0 0 1 
*************
1 2 4 
400
0 0 1 
*************
1 3 4 
400
0 0 1 
*************
3 3 4 
400
0 0 1 
*************
9 3 4 
400
0 0 1 
*************
3 4 4 
400
0 0 1 
*************
9 4 4 
400
0 0 1 
*************
7 5 4 
400
0 0 1 
*************
1 6 4 
400
0 0 1 
*************
3 6 4 
400
0 0 1 
*************
7 6 4 
400
0 0 1 
*************
9 7 4 
400
0 0 1 
*************
7 8 4 
400
0 0 1 
*************
1 9 4 
400
0 0 1 
*************
9 9 4 
400
0 0 1 
*************
3 0 5 
500
0 0 1 
*************
9 0 5 
500
0 0 1 
*************
1 2 5 
500
0 0 1 
*************
3 2 5 
500
0 0 1 
*************
1 4 5 
500
0 0 1 
*************
7 4 5 
500
0 0 1 
*************
7 5 5 
500
0 0 1 
*************
3 6 5 
500
0 0 1 
*************
9 6 5 
500
0 0 1 
*************
1 7 5 
500
0 0 1 
*************
7 7 5 
500
0 0 1 
*************
7 8 5 
500
0 0 1 
*************
3 9 5 
500
0 0 1 
*************
9 9 5 
500
0 0 1 
*************
1 0 6 
600
0 0 1 
*************
7 0 6 
600
0 0 1 
*************
3 1 6 
600
0 0 1 
*************
7 1 6 
600
0 0 1 
*************
9 1 6 
600
0 0 1 
*************
1 3 6 
600
0 0 1 
*************
1 4 6 
600
0 0 1 
*************
3 4 6 
600
0 0 1 
*************
7 4 6 
600
0 0 1 
*************
3 5 6 
600
0 0 1 
*************
9 5 6 
600
0 0 1 
*************
1 6 6 
600
0 0 1 
*************
3 7 6 
600
0 0 1 
*************
7 7 6 
600
0 0 1 
*************
3 8 6 
600
0 0 1 
*************
1 9 6 
600
0 0 1 
*************
1 0 7 
700
0 0 1 
*************
9 0 7 
700
0 0 1 
*************
9 1 7 
700
0 0 1 
*************
7 2 7 
700
0 0 1 
*************
3 3 7 
700
0 0 1 
*************
9 3 7 
700
0 0 1 
*************
3 4 7 
700
0 0 1 
*************
1 5 7 
700
0 0 1 
*************
7 5 7 
700
0 0 1 
*************
1 6 7 
700
0 0 1 
*************
9 6 7 
700
0 0 1 
*************
3 7 7 
700
0 0 1 
*************
7 8 7 
700
0 0 1 
*************
7 9 7 
700
0 0 1 
*************
9 0 8 
800
0 0 1 
*************
1 1 8 
800
0 0 1 
*************
1 2 8 
800
0 0 1 
*************
3 2 8 
800
0 0 1 
*************
7 2 8 
800
0 0 1 
*************
9 2 8 
800
0 0 1 
*************
9 3 8 
800
0 0 1 
*************
3 5 8 
800
0 0 1 
*************
7 5 8 
800
0 0 1 
*************
9 5 8 
800
0 0 1 
*************
3 6 8 
800
0 0 1 
*************
7 7 8 
800
0 0 1 
*************
1 8 8 
800
0 0 1 
*************
3 8 8 
800
0 0 1 
*************
7 8 8 
800
0 0 1 
*************
7 0 9 
900
0 0 1 
*************
1 1 9 
900
0 0 1 
*************
9 1 9 
900
0 0 1 
*************
9 2 9 
900
0 0 1 
*************
7 3 9 
900
0 0 1 
*************
1 4 9 
900
0 0 1 
*************
7 4 9 
900
0 0 1 
*************
3 5 9 
900
0 0 1 
*************
7 6 9 
900
0 0 1 
*************
1 7 9 
900
0 0 1 
*************
7 7 9 
900
0 0 1 
*************
3 8 9 
900
0 0 1 
*************
1 9 9 
900
0 0 1 
*************
7 9 9 
900
0 0 1 
1 0 1 
*************
1 0 1 
101
1 0 1 
*************
3 0 1 
103
1 0 1 
*************
7 0 1 
107
1 0 1 
*************
9 0 1 
109
1 0 1 
*************
3 1 1 
103
1 0 1 
*************
7 2 1 
107
1 0 1 
*************
1 3 1 
101
1 0 1 
*************
7 3 1 
107
1 0 1 
*************
9 3 1 
109
1 0 1 
*************
9 4 1 
109
1 0 1 
*************
1 5 1 
101
1 0 1 
*************
7 5 1 
107
1 0 1 
*************
3 6 1 
103
1 0 1 
*************
7 6 1 
107
1 0 1 
*************
3 7 1 
103
1 0 1 
*************
9 7 1 
109
1 0 1 
*************
1 8 1 
101
1 0 1 
*************
1 9 1 
101
1 0 1 
*************
3 9 1 
103
1 0 1 
*************
7 9 1 
107
1 0 1 
*************
9 9 1 
109
1 0 1 
*************
1 1 2 
201
1 0 1 
*************
3 2 2 
203
1 0 1 
*************
7 2 2 
207
1 0 1 
*************
9 2 2 
209
1 0 1 
*************
3 3 2 
203
1 0 1 
*************
9 3 2 
209
1 0 1 
*************
1 4 2 
201
1 0 1 
*************
1 5 2 
201
1 0 1 
*************
7 5 2 
207
1 0 1 
*************
3 6 2 
203
1 0 1 
*************
9 6 2 
209
1 0 1 
*************
1 7 2 
201
1 0 1 
*************
7 7 2 
207
1 0 1 
*************
1 8 2 
201
1 0 1 
*************
3 8 2 
203
1 0 1 
*************
3 9 2 
203
1 0 1 
*************
7 0 3 
307
1 0 1 
*************
1 1 3 
301
1 0 1 
*************
3 1 3 
303
1 0 1 
*************
7 1 3 
307
1 0 1 
*************
1 3 3 
301
1 0 1 
*************
7 3 3 
307
1 0 1 
*************
7 4 3 
307
1 0 1 
*************
9 4 3 
309
1 0 1 
*************
3 5 3 
303
1 0 1 
*************
9 5 3 
309
1 0 1 
*************
7 6 3 
307
1 0 1 
*************
3 7 3 
303
1 0 1 
*************
9 7 3 
309
1 0 1 
*************
3 8 3 
303
1 0 1 
*************
9 8 3 
309
1 0 1 
*************
7 9 3 
307
1 0 1 
*************
1 0 4 
401
1 0 1 
*************
9 0 4 
409
1 0 1 
*************
9 1 4 
409
1 0 1 
*************
1 2 4 
401
1 0 1 
*************
1 3 4 
401
1 0 1 
*************
3 3 4 
403
1 0 1 
*************
9 3 4 
409
1 0 1 
*************
3 4 4 
403
1 0 1 
*************
9 4 4 
409
1 0 1 
*************
7 5 4 
407
1 0 1 
*************
1 6 4 
401
1 0 1 
*************
3 6 4 
403
1 0 1 
*************
7 6 4 
407
1 0 1 
*************
9 7 4 
409
1 0 1 
*************
7 8 4 
407
1 0 1 
*************
1 9 4 
401
1 0 1 
*************
9 9 4 
409
1 0 1 
*************
3 0 5 
503
1 0 1 
*************
9 0 5 
509
1 0 1 
*************
1 2 5 
501
1 0 1 
*************
3 2 5 
503
1 0 1 
*************
1 4 5 
501
1 0 1 
*************
7 4 5 
507
1 0 1 
*************
7 5 5 
507
1 0 1 
*************
3 6 5 
503
1 0 1 
*************
9 6 5 
509
1 0 1 
*************
1 7 5 
501
1 0 1 
*************
7 7 5 
507
1 0 1 
*************
7 8 5 
507
1 0 1 
*************
3 9 5 
503
1 0 1 
*************
9 9 5 
509
1 0 1 
*************
1 0 6 
601
1 0 1 
*************
7 0 6 
607
1 0 1 
*************
3 1 6 
603
1 0 1 
*************
7 1 6 
607
1 0 1 
*************
9 1 6 
609
1 0 1 
*************
1 3 6 
601
1 0 1 
*************
1 4 6 
601
1 0 1 
*************
3 4 6 
603
1 0 1 
*************
7 4 6 
607
1 0 1 
*************
3 5 6 
603
1 0 1 
*************
9 5 6 
609
1 0 1 
*************
1 6 6 
601
1 0 1 
*************
3 7 6 
603
1 0 1 
*************
7 7 6 
607
1 0 1 
*************
3 8 6 
603
1 0 1 
*************
1 9 6 
601
1 0 1 
*************
1 0 7 
701
1 0 1 
*************
9 0 7 
709
1 0 1 
*************
9 1 7 
709
1 0 1 
*************
7 2 7 
707
1 0 1 
*************
3 3 7 
703
1 0 1 
*************
9 3 7 
709
1 0 1 
*************
3 4 7 
703
1 0 1 
*************
1 5 7 
701
1 0 1 
*************
7 5 7 
707
1 0 1 
*************
1 6 7 
701
1 0 1 
*************
9 6 7 
709
1 0 1 
*************
3 7 7 
703
1 0 1 
*************
7 8 7 
707
1 0 1 
*************
7 9 7 
707
1 0 1 
*************
9 0 8 
809
1 0 1 
*************
1 1 8 
801
1 0 1 
*************
1 2 8 
801
1 0 1 
*************
3 2 8 
803
1 0 1 
*************
7 2 8 
807
1 0 1 
*************
9 2 8 
809
1 0 1 
*************
9 3 8 
809
1 0 1 
*************
3 5 8 
803
1 0 1 
*************
7 5 8 
807
1 0 1 
*************
9 5 8 
809
1 0 1 
*************
3 6 8 
803
1 0 1 
*************
7 7 8 
807
1 0 1 
*************
1 8 8 
801
1 0 1 
*************
3 8 8 
803
1 0 1 
*************
7 8 8 
807
1 0 1 
*************
7 0 9 
907
1 0 1 
*************
1 1 9 
901
1 0 1 
*************
9 1 9 
909
1 0 1 
*************
9 2 9 
909
1 0 1 
*************
7 3 9 
907
1 0 1 
*************
1 4 9 
901
1 0 1 
*************
7 4 9 
907
1 0 1 
*************
3 5 9 
903
1 0 1 
*************
7 6 9 
907
1 0 1 
*************
1 7 9 
901
1 0 1 
*************
7 7 9 
907
1 0 1 
*************
3 8 9 
903
1 0 1 
*************
1 9 9 
901
1 0 1 
*************
7 9 9 
907
1 0 1 
0 1 1 
*************
1 0 1 
100
0 1 1 
*************
3 0 1 
100
0 1 1 
*************
7 0 1 
100
0 1 1 
*************
9 0 1 
100
0 1 1 
*************
3 1 1 
110
0 1 1 
*************
7 2 1 
120
0 1 1 
*************
1 3 1 
130
0 1 1 
*************
7 3 1 
130
0 1 1 
*************
9 3 1 
130
0 1 1 
*************
9 4 1 
140
0 1 1 
*************
1 5 1 
150
0 1 1 
*************
7 5 1 
150
0 1 1 
*************
3 6 1 
160
0 1 1 
*************
7 6 1 
160
0 1 1 
*************
3 7 1 
170
0 1 1 
*************
9 7 1 
170
0 1 1 
*************
1 8 1 
180
0 1 1 
*************
1 9 1 
190
0 1 1 
*************
3 9 1 
190
0 1 1 
*************
7 9 1 
190
0 1 1 
*************
9 9 1 
190
0 1 1 
*************
1 1 2 
210
0 1 1 
*************
3 2 2 
220
0 1 1 
*************
7 2 2 
220
0 1 1 
*************
9 2 2 
220
0 1 1 
*************
3 3 2 
230
0 1 1 
*************
9 3 2 
230
0 1 1 
*************
1 4 2 
240
0 1 1 
*************
1 5 2 
250
0 1 1 
*************
7 5 2 
250
0 1 1 
*************
3 6 2 
260
0 1 1 
*************
9 6 2 
260
0 1 1 
*************
1 7 2 
270
0 1 1 
*************
7 7 2 
270
0 1 1 
*************
1 8 2 
280
0 1 1 
*************
3 8 2 
280
0 1 1 
*************
3 9 2 
290
0 1 1 
*************
7 0 3 
300
0 1 1 
*************
1 1 3 
310
0 1 1 
*************
3 1 3 
310
0 1 1 
*************
7 1 3 
310
0 1 1 
*************
1 3 3 
330
0 1 1 
*************
7 3 3 
330
0 1 1 
*************
7 4 3 
340
0 1 1 
*************
9 4 3 
340
0 1 1 
*************
3 5 3 
350
0 1 1 
*************
9 5 3 
350
0 1 1 
*************
7 6 3 
360
0 1 1 
*************
3 7 3 
370
0 1 1 
*************
9 7 3 
370
0 1 1 
*************
3 8 3 
380
0 1 1 
*************
9 8 3 
380
0 1 1 
*************
7 9 3 
390
0 1 1 
*************
1 0 4 
400
0 1 1 
*************
9 0 4 
400
0 1 1 
*************
9 1 4 
410
0 1 1 
*************
1 2 4 
420
0 1 1 
*************
1 3 4 
430
0 1 1 
*************
3 3 4 
430
0 1 1 
*************
9 3 4 
430
0 1 1 
*************
3 4 4 
440
0 1 1 
*************
9 4 4 
440
0 1 1 
*************
7 5 4 
450
0 1 1 
*************
1 6 4 
460
0 1 1 
*************
3 6 4 
460
0 1 1 
*************
7 6 4 
460
0 1 1 
*************
9 7 4 
470
0 1 1 
*************
7 8 4 
480
0 1 1 
*************
1 9 4 
490
0 1 1 
*************
9 9 4 
490
0 1 1 
*************
3 0 5 
500
0 1 1 
*************
9 0 5 
500
0 1 1 
*************
1 2 5 
520
0 1 1 
*************
3 2 5 
520
0 1 1 
*************
1 4 5 
540
0 1 1 
*************
7 4 5 
540
0 1 1 
*************
7 5 5 
550
0 1 1 
*************
3 6 5 
560
0 1 1 
*************
9 6 5 
560
0 1 1 
*************
1 7 5 
570
0 1 1 
*************
7 7 5 
570
0 1 1 
*************
7 8 5 
580
0 1 1 
*************
3 9 5 
590
0 1 1 
*************
9 9 5 
590
0 1 1 
*************
1 0 6 
600
0 1 1 
*************
7 0 6 
600
0 1 1 
*************
3 1 6 
610
0 1 1 
*************
7 1 6 
610
0 1 1 
*************
9 1 6 
610
0 1 1 
*************
1 3 6 
630
0 1 1 
*************
1 4 6 
640
0 1 1 
*************
3 4 6 
640
0 1 1 
*************
7 4 6 
640
0 1 1 
*************
3 5 6 
650
0 1 1 
*************
9 5 6 
650
0 1 1 
*************
1 6 6 
660
0 1 1 
*************
3 7 6 
670
0 1 1 
*************
7 7 6 
670
0 1 1 
*************
3 8 6 
680
0 1 1 
*************
1 9 6 
690
0 1 1 
*************
1 0 7 
700
0 1 1 
*************
9 0 7 
700
0 1 1 
*************
9 1 7 
710
0 1 1 
*************
7 2 7 
720
0 1 1 
*************
3 3 7 
730
0 1 1 
*************
9 3 7 
730
0 1 1 
*************
3 4 7 
740
0 1 1 
*************
1 5 7 
750
0 1 1 
*************
7 5 7 
750
0 1 1 
*************
1 6 7 
760
0 1 1 
*************
9 6 7 
760
0 1 1 
*************
3 7 7 
770
0 1 1 
*************
7 8 7 
780
0 1 1 
*************
7 9 7 
790
0 1 1 
*************
9 0 8 
800
0 1 1 
*************
1 1 8 
810
0 1 1 
*************
1 2 8 
820
0 1 1 
*************
3 2 8 
820
0 1 1 
*************
7 2 8 
820
0 1 1 
*************
9 2 8 
820
0 1 1 
*************
9 3 8 
830
0 1 1 
*************
3 5 8 
850
0 1 1 
*************
7 5 8 
850
0 1 1 
*************
9 5 8 
850
0 1 1 
*************
3 6 8 
860
0 1 1 
*************
7 7 8 
870
0 1 1 
*************
1 8 8 
880
0 1 1 
*************
3 8 8 
880
0 1 1 
*************
7 8 8 
880
0 1 1 
*************
7 0 9 
900
0 1 1 
*************
1 1 9 
910
0 1 1 
*************
9 1 9 
910
0 1 1 
*************
9 2 9 
920
0 1 1 
*************
7 3 9 
930
0 1 1 
*************
1 4 9 
940
0 1 1 
*************
7 4 9 
940
0 1 1 
*************
3 5 9 
950
0 1 1 
*************
7 6 9 
960
0 1 1 
*************
1 7 9 
970
0 1 1 
*************
7 7 9 
970
0 1 1 
*************
3 8 9 
980
0 1 1 
*************
1 9 9 
990
0 1 1 
*************
7 9 9 
990
0 1 1 
1 1 1 
*************
1 0 1 
101
1 1 1 
*************
3 0 1 
103
1 1 1 
*************
7 0 1 
107
1 1 1 
*************
9 0 1 
109
1 1 1 
*************
3 1 1 
113
1 1 1 
*************
7 2 1 
127
1 1 1 
*************
1 3 1 
131
1 1 1 
*************
7 3 1 
137
1 1 1 
*************
9 3 1 
139
1 1 1 
*************
9 4 1 
149
1 1 1 
*************
1 5 1 
151
1 1 1 
*************
7 5 1 
157
1 1 1 
*************
3 6 1 
163
1 1 1 
*************
7 6 1 
167
1 1 1 
*************
3 7 1 
173
1 1 1 
*************
9 7 1 
179
1 1 1 
*************
1 8 1 
181
1 1 1 
*************
1 9 1 
191
1 1 1 
*************
3 9 1 
193
1 1 1 
*************
7 9 1 
197
1 1 1 
*************
9 9 1 
199
1 1 1 
*************
1 1 2 
211
1 1 1 
*************
3 2 2 
223
1 1 1 
*************
7 2 2 
227
1 1 1 
*************
9 2 2 
229
1 1 1 
*************
3 3 2 
233
1 1 1 
*************
9 3 2 
239
1 1 1 
*************
1 4 2 
241
1 1 1 
*************
1 5 2 
251
1 1 1 
*************
7 5 2 
257
1 1 1 
*************
3 6 2 
263
1 1 1 
*************
9 6 2 
269
1 1 1 
*************
1 7 2 
271
1 1 1 
*************
7 7 2 
277
1 1 1 
*************
1 8 2 
281
1 1 1 
*************
3 8 2 
283
1 1 1 
*************
3 9 2 
293
1 1 1 
*************
7 0 3 
307
1 1 1 
*************
1 1 3 
311
1 1 1 
*************
3 1 3 
313
1 1 1 
*************
7 1 3 
317
1 1 1 
*************
1 3 3 
331
1 1 1 
*************
7 3 3 
337
1 1 1 
*************
7 4 3 
347
1 1 1 
*************
9 4 3 
349
1 1 1 
*************
3 5 3 
353
1 1 1 
*************
9 5 3 
359
1 1 1 
*************
7 6 3 
367
1 1 1 
*************
3 7 3 
373
1 1 1 
*************
9 7 3 
379
1 1 1 
*************
3 8 3 
383
1 1 1 
*************
9 8 3 
389
1 1 1 
*************
7 9 3 
397
1 1 1 
*************
1 0 4 
401
1 1 1 
*************
9 0 4 
409
1 1 1 
*************
9 1 4 
419
1 1 1 
*************
1 2 4 
421
1 1 1 
*************
1 3 4 
431
1 1 1 
*************
3 3 4 
433
1 1 1 
*************
9 3 4 
439
1 1 1 
*************
3 4 4 
443
1 1 1 
*************
9 4 4 
449
1 1 1 
*************
7 5 4 
457
1 1 1 
*************
1 6 4 
461
1 1 1 
*************
3 6 4 
463
1 1 1 
*************
7 6 4 
467
1 1 1 
*************
9 7 4 
479
1 1 1 
*************
7 8 4 
487
1 1 1 
*************
1 9 4 
491
1 1 1 
*************
9 9 4 
499
1 1 1 
*************
3 0 5 
503
1 1 1 
*************
9 0 5 
509
1 1 1 
*************
1 2 5 
521
1 1 1 
*************
3 2 5 
523
1 1 1 
*************
1 4 5 
541
1 1 1 
*************
7 4 5 
547
1 1 1 
*************
7 5 5 
557
1 1 1 
*************
3 6 5 
563
1 1 1 
*************
9 6 5 
569
1 1 1 
*************
1 7 5 
571
1 1 1 
*************
7 7 5 
577
1 1 1 
*************
7 8 5 
587
1 1 1 
*************
3 9 5 
593
1 1 1 
*************
9 9 5 
599
1 1 1 
*************
1 0 6 
601
1 1 1 
*************
7 0 6 
607
1 1 1 
*************
3 1 6 
613
1 1 1 
*************
7 1 6 
617
1 1 1 
*************
9 1 6 
619
1 1 1 
*************
1 3 6 
631
1 1 1 
*************
1 4 6 
641
1 1 1 
*************
3 4 6 
643
1 1 1 
*************
7 4 6 
647
1 1 1 
*************
3 5 6 
653
1 1 1 
*************
9 5 6 
659
1 1 1 
*************
1 6 6 
661
1 1 1 
*************
3 7 6 
673
1 1 1 
*************
7 7 6 
677
1 1 1 
*************
3 8 6 
683
1 1 1 
*************
1 9 6 
691
1 1 1 
*************
1 0 7 
701
1 1 1 
*************
9 0 7 
709
1 1 1 
*************
9 1 7 
719
1 1 1 
*************
7 2 7 
727
1 1 1 
*************
3 3 7 
733
1 1 1 
*************
9 3 7 
739
1 1 1 
*************
3 4 7 
743
1 1 1 
*************
1 5 7 
751
1 1 1 
*************
7 5 7 
757
1 1 1 
*************
1 6 7 
761
1 1 1 
*************
9 6 7 
769
1 1 1 
*************
3 7 7 
773
1 1 1 
*************
7 8 7 
787
1 1 1 
*************
7 9 7 
797
1 1 1 
*************
9 0 8 
809
1 1 1 
*************
1 1 8 
811
1 1 1 
*************
1 2 8 
821
1 1 1 
*************
3 2 8 
823
1 1 1 
*************
7 2 8 
827
1 1 1 
*************
9 2 8 
829
1 1 1 
*************
9 3 8 
839
1 1 1 
*************
3 5 8 
853
1 1 1 
*************
7 5 8 
857
1 1 1 
*************
9 5 8 
859
1 1 1 
*************
3 6 8 
863
1 1 1 
*************
7 7 8 
877
1 1 1 
*************
1 8 8 
881
1 1 1 
*************
3 8 8 
883
1 1 1 
*************
7 8 8 
887
1 1 1 
*************
7 0 9 
907
1 1 1 
*************
1 1 9 
911
1 1 1 
*************
9 1 9 
919
1 1 1 
*************
9 2 9 
929
1 1 1 
*************
7 3 9 
937
1 1 1 
*************
1 4 9 
941
1 1 1 
*************
7 4 9 
947
1 1 1 
*************
3 5 9 
953
1 1 1 
*************
7 6 9 
967
1 1 1 
*************
1 7 9 
971
1 1 1 
*************
7 7 9 
977
1 1 1 
*************
3 8 9 
983
1 1 1 
*************
1 9 9 
991
1 1 1 
*************
7 9 9 
997
1 1 1 
